when,module,battery,d15cm,d15cm_bias,d45cm,d45cm_bias,d75cm,d75cm_bias
2017-04-25 15:00:00.000,3,5.24004697799683,791,219,858,246,730,-192
2017-04-25 16:00:00.000,3,5.36190891265869,728,212,829,252,604,-189
2017-04-25 17:00:00.000,3,5.33708524703979,703,224,801,266,597,-205
2017-04-25 18:00:00.000,3,5.31249046325684,686,224,783,270,598,-212
2017-04-25 19:00:00.000,3,5.2639741897583,671,230,767,276,605,-217
2017-04-25 20:00:00.000,3,5.24004697799683,658,229,750,272,604,-225
2017-04-25 21:00:00.000,3,5.19283962249756,655,239,735,278,609,-224
2017-04-25 22:00:00.000,3,5.12360191345215,658,243,715,267,607,-226
2017-04-25 23:00:00.000,3,5.10093069076538,659,242,706,270,609,-229
2017-04-26 00:00:00.000,3,5.0784592628479,661,244,697,270,610,-230
2017-04-26 01:00:00.000,3,5.05618572235107,662,237,688,264,604,-232
2017-04-26 02:00:00.000,3,5.03410625457764,664,240,681,258,601,-231
2017-04-26 03:00:00.000,3,5.01221895217896,664,236,675,262,607,-236
2017-04-26 04:00:00.000,3,4.92654037475586,665,237,670,261,603,-231
2017-04-26 05:00:00.000,3,4.9476842880249,667,241,668,260,605,-230
2017-04-26 06:00:00.000,3,4.88478946685791,665,246,663,251,594,-220
2017-04-26 07:00:00.000,3,4.82347440719604,667,247,663,250,598,-221
2017-04-26 09:00:00.000,3,4.8033766746521,667,249,656,250,599,-228
2017-04-26 10:00:00.000,3,4.9055757522583,668,248,652,252,604,-228
2017-04-26 11:00:00.000,3,4.9476842880249,664,249,650,247,600,-219
2017-04-26 12:00:00.000,3,4.9476842880249,660,249,648,252,603,-229
2017-04-26 13:00:00.000,3,4.9476842880249,651,254,645,251,601,-229
2017-04-26 14:00:00.000,3,4.96901035308838,648,254,646,252,605,-224
2017-04-26 15:00:00.000,3,4.96901035308838,640,254,644,249,600,-220
2017-04-26 16:00:00.000,3,4.9476842880249,633,249,644,251,604,-228
2017-04-26 17:00:00.000,3,4.9055757522583,625,246,634,254,606,-234
2017-04-26 18:00:00.000,3,4.88478946685791,619,249,633,251,603,-227
2017-04-26 19:00:00.000,3,4.82347440719604,615,257,628,245,605,-225
2017-04-26 20:00:00.000,3,4.78344535827637,614,259,628,244,603,-229
2017-04-26 21:00:00.000,3,4.74407577514648,614,257,621,245,605,-226
2017-04-26 22:00:00.000,3,4.6862211227417,614,264,619,235,599,-219
2017-04-26 23:00:00.000,3,4.66724824905396,615,252,617,242,601,-228
2017-04-27 00:00:00.000,3,4.64842891693115,615,257,616,237,600,-230
2017-04-27 01:00:00.000,3,4.62976026535034,617,264,614,234,601,-222
2017-04-27 02:00:00.000,3,4.62976026535034,618,259,614,242,601,-229
2017-04-27 03:00:00.000,3,4.61124134063721,620,264,614,234,603,-222
2017-04-27 04:00:00.000,3,4.59287023544312,620,259,611,239,601,-227
2017-04-27 05:00:00.000,3,4.59287023544312,623,260,611,238,607,-217
2017-04-27 06:00:00.000,3,4.57464456558228,621,265,610,233,602,-214
2017-04-27 07:00:00.000,3,4.57464456558228,624,267,613,230,604,-216
2017-04-27 08:00:00.000,3,4.55656290054321,626,263,612,241,608,-222
2017-04-27 09:00:00.000,3,4.55656290054321,625,266,613,233,604,-221
2017-04-27 10:00:00.000,3,4.61124134063721,627,262,615,238,608,-223
2017-04-27 11:00:00.000,3,4.66724824905396,622,264,613,237,608,-212
2017-04-27 12:00:00.000,3,4.62976026535034,621,260,612,240,609,-219
2017-04-27 14:00:00.000,3,4.62976026535034,609,255,625,240,613,-219
2017-04-27 15:00:00.000,3,4.38330936431885,1072,373,835,281,624,-243
2017-04-28 17:00:00.000,3,4.4000391960144,1266,390,709,244,1349,-405
2017-04-28 18:00:00.000,3,4.2696681022644,1230,388,695,240,1322,-402
2017-04-28 19:00:00.000,3,4.2696681022644,1195,371,681,242,1298,-404
2017-04-28 20:00:00.000,3,4.13193655014038,1170,366,670,240,1270,-402
2017-04-28 21:00:00.000,3,4.03080558776855,1146,359,659,237,1245,-393
2017-04-28 22:00:00.000,3,3.98896336555481,1124,360,651,230,1219,-385
2017-04-28 23:00:00.000,3,3.96154761314392,1107,357,641,231,1205,-381
2017-04-29 00:00:00.000,3,3.92112350463867,1085,350,633,230,1179,-371
2017-04-29 01:00:00.000,3,3.89462971687317,1071,352,629,229,1165,-370
2017-04-29 02:00:00.000,3,3.881516456604,1055,339,628,232,1146,-369
2017-04-29 03:00:00.000,3,3.86849093437195,1044,334,624,225,1109,-353
2017-04-29 04:00:00.000,3,3.85555291175842,1172,361,671,243,1094,-347
2017-04-29 05:00:00.000,3,3.82993459701538,1291,401,666,232,1142,-350
2017-04-29 06:00:00.000,3,3.80465459823608,1325,396,660,236,1157,-357
2017-04-29 07:00:00.000,3,3.79213929176331,1318,381,652,235,1150,-354
2017-04-29 08:00:00.000,3,3.76735401153564,1304,396,646,231,1147,-346
2017-04-29 09:00:00.000,3,3.74289083480835,1284,385,641,230,1141,-350
2017-04-29 10:00:00.000,3,3.75508260726929,1269,389,635,227,1133,-342
2017-04-29 11:00:00.000,3,3.85555291175842,1246,379,632,226,1124,-343
2017-04-29 12:00:00.000,3,3.96154761314392,1222,380,627,223,1112,-340
2017-04-29 13:00:00.000,3,4.00281381607056,1192,370,623,224,1110,-337
2017-04-29 14:00:00.000,3,4.05919122695923,1140,362,617,222,1092,-337
2017-04-29 15:00:00.000,3,4.08797979354858,1109,352,615,227,1088,-335
2017-04-29 16:00:00.000,3,4.08797979354858,1080,345,610,224,1079,-334
2017-04-29 17:00:00.000,3,4.05919122695923,1048,341,608,223,1072,-333
2017-04-29 18:00:00.000,3,4.00281381607056,1017,323,602,218,1059,-332
2017-04-29 19:00:00.000,3,3.89462971687317,996,329,594,219,1052,-333
2017-04-29 20:00:00.000,3,3.79213929176331,975,321,587,218,1035,-328
2017-04-29 21:00:00.000,3,3.71874308586121,965,318,587,214,1029,-330
2017-04-29 22:00:00.000,3,3.68310022354126,954,315,582,214,1021,-324
2017-04-29 23:00:00.000,3,3.65971541404724,943,312,580,212,1012,-323
2017-04-30 00:00:00.000,3,3.62518978118896,935,318,574,210,1001,-314
2017-04-30 01:00:00.000,3,3.59130954742432,927,307,575,211,1000,-316
2017-04-30 02:00:00.000,3,3.56907224655151,918,312,570,210,985,-315
2017-04-30 03:00:00.000,3,3.53622817993164,911,298,572,213,984,-313
2017-04-30 04:00:00.000,3,3.50398278236389,901,301,569,212,976,-309
2017-04-30 05:00:00.000,3,3.47232031822205,891,296,565,209,970,-317
2017-04-30 06:00:00.000,3,3.45152807235718,886,297,568,214,964,-307
2017-04-30 07:00:00.000,3,3.42080211639404,952,311,752,278,1275,-390
2017-04-30 08:00:00.000,3,3.38067555427551,1001,311,702,255,1283,-382
2017-04-30 09:00:00.000,3,3.3609631061554,3509,1016,2237,210,2081,-479
2017-04-30 10:00:00.000,3,3.35119295120239,2941,834,2222,36,2571,-580
2017-04-30 11:00:00.000,3,3.37079048156738,3291,783,1932,-37,2945,-608
2017-04-30 12:00:00.000,3,3.47232031822205,4076,811,1372,117,3085,-609
2017-04-30 13:00:00.000,3,3.47232031822205,4833,843,1531,196,3143,-603
2017-04-30 14:00:00.000,3,3.6481339931488,5197,840,1266,211,3207,-633
2017-04-30 15:00:00.000,3,3.47232031822205,5058,839,1399,225,3300,-627
2017-04-30 16:00:00.000,3,3.3609631061554,4205,759,1335,236,3524,-662
2017-04-30 17:00:00.000,3,3.46189284324646,4088,789,1204,244,3621,-679
2017-04-30 18:00:00.000,3,3.55805659294128,3823,794,1522,133,3596,-664
2017-04-30 19:00:00.000,3,3.39061856269836,3565,785,1297,176,3545,-687
2017-04-30 20:00:00.000,3,3.16706132888794,3307,752,1169,200,3444,-665
2017-05-04 14:00:00.000,3,5.33708524703979,4954,959,1145,-258,3388,695
2017-05-04 15:00:00.000,3,5.48957300186157,4496,930,1078,-258,3467,695
2017-05-04 16:00:00.000,3,5.43778467178345,4051,889,1029,-263,3536,729
2017-05-04 17:00:00.000,3,5.43778467178345,3656,819,980,-252,3584,725
2017-05-04 18:00:00.000,3,5.41225528717041,3344,773,938,-254,3614,745
2017-05-04 19:00:00.000,3,5.38696432113647,3073,742,903,-250,3636,754
2017-05-04 20:00:00.000,3,5.36190891265869,2857,690,870,-247,3659,743
2017-05-04 21:00:00.000,3,5.33708524703979,2681,662,842,-242,3669,755
2017-05-04 22:00:00.000,3,5.31249046325684,2538,641,816,-238,3675,760
2017-05-04 23:00:00.000,3,5.28812074661255,2410,617,791,-231,3663,755
2017-05-05 00:00:00.000,3,5.28812074661255,2314,602,772,-232,3671,767
2017-05-05 01:00:00.000,3,5.2639741897583,2221,568,752,-225,3656,765
2017-05-05 02:00:00.000,3,5.2639741897583,2132,556,736,-224,3651,766
2017-05-05 03:00:00.000,3,5.2639741897583,2541,592,1016,-295,3624,764
2017-05-05 04:00:00.000,3,5.24004697799683,3122,625,4121,-184,3511,694
2017-05-05 05:00:00.000,3,5.21633672714233,2867,542,6619,-88,3421,637
2017-05-05 06:00:00.000,3,5.21633672714233,2702,581,2843,3,3501,705
2017-05-05 07:00:00.000,3,5.21633672714233,2581,581,2260,-139,3501,706
2017-05-05 08:00:00.000,3,5.19283962249756,2481,576,1992,-200,3506,732
2017-05-05 09:00:00.000,3,5.19283962249756,2377,548,1804,-242,3493,736
2017-05-05 10:00:00.000,3,4.96901035308838,2287,537,1647,-264,3485,730
2017-05-05 11:00:00.000,3,5.16955280303955,2189,525,1517,-284,3475,748
2017-05-05 12:00:00.000,3,5.21633672714233,2109,522,1413,-291,3469,744
2017-05-05 13:00:00.000,3,5.21633672714233,2022,498,1328,-290,3465,748
2017-05-05 14:00:00.000,3,5.24004697799683,1940,484,1254,-291,3460,735
2017-05-05 15:00:00.000,3,5.2639741897583,1865,460,1188,-288,3448,742
2017-05-05 16:00:00.000,3,5.2639741897583,1798,459,1139,-293,3433,757
2017-05-05 17:00:00.000,3,5.2639741897583,1733,445,1114,-286,3421,739
2017-05-05 18:00:00.000,3,5.24004697799683,1682,443,1077,-282,3404,758
2017-05-05 19:00:00.000,3,5.21633672714233,1637,435,1043,-280,3394,753
2017-05-05 20:00:00.000,3,5.21633672714233,1600,428,1004,-267,3380,759
2017-05-05 21:00:00.000,3,5.19283962249756,1567,427,972,-268,3355,757
2017-05-05 22:00:00.000,3,5.16955280303955,1543,420,946,-258,3347,762
2017-05-05 23:00:00.000,3,5.14647483825684,1515,406,918,-258,3325,747
2017-05-06 00:00:00.000,3,5.16955280303955,1494,409,893,-255,3310,747
2017-05-06 01:00:00.000,3,5.14647483825684,1478,400,868,-246,3299,748
2017-05-06 02:00:00.000,3,5.14647483825684,1454,394,852,-246,3285,746
2017-05-06 03:00:00.000,3,5.12360191345215,1438,399,833,-236,3276,761
2017-05-06 04:00:00.000,3,5.12360191345215,1424,392,815,-239,3267,752
2017-05-06 05:00:00.000,3,5.10093069076538,1399,387,802,-235,3255,750
2017-05-06 06:00:00.000,3,5.10093069076538,1373,386,783,-233,3239,748
2017-05-06 07:00:00.000,3,5.10093069076538,1356,373,770,-229,3225,742
2017-05-06 08:00:00.000,3,5.0784592628479,1341,379,760,-231,3218,756
2017-05-06 09:00:00.000,3,5.0784592628479,1322,370,750,-227,3207,746
2017-05-06 10:00:00.000,3,5.0784592628479,1309,365,748,-226,3208,747
2017-05-06 11:00:00.000,3,5.12360191345215,1295,362,739,-225,3203,750
2017-05-06 12:00:00.000,3,5.0784592628479,1274,359,732,-225,3199,757
2017-05-06 13:00:00.000,3,5.10093069076538,1242,353,723,-225,3197,754
2017-05-06 14:00:00.000,3,5.12360191345215,1209,349,716,-225,3198,756
2017-05-06 15:00:00.000,3,5.12360191345215,1178,350,702,-221,3206,736
2017-05-06 16:00:00.000,3,5.12360191345215,1151,333,695,-217,3220,744
2017-05-06 17:00:00.000,3,5.10093069076538,1124,325,678,-212,3247,727
2017-05-06 18:00:00.000,3,5.10093069076538,1104,338,669,-210,3284,730
2017-05-06 19:00:00.000,3,5.10093069076538,1085,326,661,-207,3316,731
2017-05-06 20:00:00.000,3,5.0784592628479,1066,326,647,-202,3335,736
2017-05-06 21:00:00.000,3,5.05618572235107,1052,316,638,-201,3355,740
2017-05-06 22:00:00.000,3,5.01221895217896,1045,312,632,-198,3369,729
2017-05-06 23:00:00.000,3,5.01221895217896,1040,328,624,-199,3371,747
2017-05-07 00:00:00.000,3,4.99052143096924,1032,309,620,-194,3380,743
2017-05-07 01:00:00.000,3,4.99052143096924,1027,320,615,-199,3380,754
2017-05-07 02:00:00.000,3,4.96901035308838,1020,323,612,-196,3374,758
2017-05-07 03:00:00.000,3,4.96901035308838,1014,318,606,-193,3373,753
2017-05-07 04:00:00.000,3,4.9476842880249,1004,303,603,-191,3373,734
2017-05-07 05:00:00.000,3,4.92654037475586,997,316,598,-193,3376,764
2017-05-07 06:00:00.000,3,4.92654037475586,988,313,597,-195,3364,761
2017-05-07 07:00:00.000,3,4.9055757522583,979,306,594,-190,3353,772
2017-05-07 08:00:00.000,3,4.9055757522583,973,312,589,-191,3345,768
2017-05-07 09:00:00.000,3,4.88478946685791,963,299,587,-187,3327,752
2017-05-07 10:00:00.000,3,4.88478946685791,962,304,587,-189,3328,764
2017-05-07 11:00:00.000,3,4.9055757522583,951,303,585,-190,3341,751
2017-05-07 12:00:00.000,3,4.92654037475586,939,304,578,-190,3343,751
2017-05-07 13:00:00.000,3,4.9476842880249,926,295,581,-190,3355,751
2017-05-07 14:00:00.000,3,4.9476842880249,910,291,576,-185,3347,745
2017-05-07 15:00:00.000,3,4.9476842880249,890,288,572,-186,3336,747
2017-05-07 16:00:00.000,3,4.92654037475586,881,287,567,-180,3335,732
2017-05-07 17:00:00.000,3,4.9055757522583,880,286,564,-183,3344,750
2017-05-07 18:00:00.000,3,4.9055757522583,866,291,560,-187,3330,753
2017-05-07 19:00:00.000,3,4.9055757522583,858,286,558,-186,3316,761
2017-05-07 20:00:00.000,3,4.88478946685791,848,285,555,-182,3301,738
2017-05-07 21:00:00.000,3,4.84374094009399,842,280,550,-184,3289,760
2017-05-07 22:00:00.000,3,4.82347440719604,843,282,548,-185,3279,753
2017-05-07 23:00:00.000,3,4.8033766746521,841,284,544,-183,3269,759
2017-05-08 00:00:00.000,3,4.78344535827637,838,284,545,-186,3252,751
2017-05-08 01:00:00.000,3,4.78344535827637,836,286,540,-181,3246,752
2017-05-08 02:00:00.000,3,4.76367902755737,831,284,540,-183,3241,762
2017-05-08 03:00:00.000,3,4.76367902755737,829,273,539,-179,3226,737
2017-05-08 04:00:00.000,3,4.74407577514648,823,284,535,-181,3217,748
2017-05-08 05:00:00.000,3,4.74407577514648,821,281,534,-181,3206,749
2017-05-08 06:00:00.000,3,4.72463274002075,818,279,536,-182,3199,738
2017-05-08 07:00:00.000,3,4.72463274002075,819,286,532,-179,3192,752
2017-05-08 08:00:00.000,3,4.7053484916687,815,279,534,-179,3190,753
2017-05-08 09:00:00.000,3,4.7053484916687,814,280,536,-180,3179,744
2017-05-08 10:00:00.000,3,4.74407577514648,807,275,533,-180,3170,740
2017-05-08 11:00:00.000,3,4.74407577514648,813,281,628,-213,3186,750
2017-05-08 12:00:00.000,3,4.76367902755737,1039,331,1237,-378,3184,743
2017-05-08 13:00:00.000,3,4.78344535827637,1066,331,1123,-319,3179,729
2017-05-08 14:00:00.000,3,4.76367902755737,1056,336,1099,-305,3183,741
2017-05-08 15:00:00.000,3,4.76367902755737,1034,327,1036,-281,3189,727
2017-05-08 16:00:00.000,3,4.76367902755737,1012,332,986,-274,3196,740
2017-05-08 17:00:00.000,3,4.72463274002075,1091,339,1550,-354,3192,741
2017-05-08 18:00:00.000,3,4.7053484916687,1303,382,2782,-390,3164,725
2017-05-08 19:00:00.000,3,4.6862211227417,1645,450,3755,-375,3118,693
2017-05-08 20:00:00.000,3,4.66724824905396,1833,518,2822,-214,3133,698
2017-05-08 21:00:00.000,3,4.64842891693115,1816,500,2309,-234,3137,698
2017-05-08 22:00:00.000,3,4.62976026535034,2163,584,2881,-292,3115,695
2017-05-08 23:00:00.000,3,4.62976026535034,2380,624,2764,-255,3133,686
2017-05-09 00:00:00.000,3,4.61124134063721,2369,602,2343,-247,3176,678
2017-05-09 01:00:00.000,3,4.61124134063721,2276,574,2069,-257,3215,677
2017-05-09 02:00:00.000,3,4.59287023544312,2197,555,1855,-268,3258,689
2017-05-09 03:00:00.000,3,4.59287023544312,2110,529,1686,-271,3284,682
2017-05-09 04:00:00.000,3,4.57464456558228,2032,535,1564,-288,3311,693
2017-05-09 05:00:00.000,3,4.57464456558228,1960,520,1457,-279,3335,692
2017-05-09 06:00:00.000,3,4.57464456558228,1897,501,1375,-282,3363,714
2017-05-09 07:00:00.000,3,4.55656290054321,1836,484,1304,-278,3378,715
2017-05-09 08:00:00.000,3,4.55656290054321,1769,463,1239,-271,3385,696
2017-05-09 09:00:00.000,3,4.53862333297729,1724,464,1192,-270,3402,700
2017-05-09 10:00:00.000,3,4.53862333297729,1673,436,1326,-306,3405,702
2017-05-09 11:00:00.000,3,4.55656290054321,1645,435,1269,-288,3419,712
