when,battery,d15cm,d15cm_bias,d45cm,d45cm_bias,d75cm,d75cm_bias
27-Apr-2017 06:47:00,5.126858,972,253,669,-28,997,-162
27-Apr-2017 07:00:11,5.126858,972,253,669,-28,997,-162
27-Apr-2017 07:15:11,5.126858,969,262,668,-26,1026,-181
27-Apr-2017 07:30:11,5.126858,969,262,668,-26,1026,-181
27-Apr-2017 07:45:07,5.126858,969,250,670,-27,1037,-188
27-Apr-2017 08:00:10,5.126858,969,250,670,-27,1037,-188
27-Apr-2017 08:15:04,5.126858,969,258,666,-37,1033,-184
27-Apr-2017 08:30:07,5.126858,969,258,666,-37,1033,-184
27-Apr-2017 08:45:05,5.126858,970,256,666,-28,1033,-190
27-Apr-2017 09:00:27,5.126858,970,256,666,-28,1033,-190
27-Apr-2017 09:16:17,5.126858,973,253,669,-25,1041,-191
27-Apr-2017 09:30:24,5.126858,973,253,669,-25,1041,-191
27-Apr-2017 09:45:18,5.126858,979,253,668,-22,1045,-192
27-Apr-2017 10:16:17,5.126858,982,258,670,-26,1047,-191
27-Apr-2017 10:30:13,5.126858,982,258,670,-26,1047,-191
27-Apr-2017 10:45:12,5.126858,985,259,694,-31,1048,-191
09-May-2017 10:05:16,4.948533,793,-217,630,4,6528,-600
09-May-2017 10:06:55,4.948533,793,-217,630,4,6528,-600
09-May-2017 10:15:13,4.948533,793,-217,630,4,6528,-600
09-May-2017 10:30:14,4.948533,784,-226,628,1,6560,-620
09-May-2017 10:45:10,4.948533,784,-226,628,1,6560,-620
09-May-2017 11:00:14,4.948533,775,-218,628,3,6602,-630
09-May-2017 11:45:14,4.948533,775,-218,628,3,6602,-630
09-May-2017 12:00:15,4.948533,775,-218,628,3,6602,-630
09-May-2017 12:30:14,4.948533,771,-220,626,1,6724,-650
09-May-2017 12:45:16,4.948533,771,-220,626,1,6724,-650
09-May-2017 13:00:13,4.948533,771,-220,626,1,6724,-650
09-May-2017 13:45:14,4.970141,763,-226,628,-5,6777,-656
09-May-2017 14:00:10,4.970141,763,-226,628,-5,6777,-656
09-May-2017 14:15:12,4.970141,763,-226,628,-5,6777,-656
09-May-2017 15:00:20,4.99194,751,-233,629,-2,6848,-675
09-May-2017 15:15:13,4.99194,751,-233,629,-2,6848,-675
09-May-2017 15:32:42,4.970141,757,-225,626,-2,6915,-650
09-May-2017 16:00:15,4.99194,751,-217,626,-2,6911,-657
09-May-2017 16:15:12,4.99194,751,-217,626,-2,6911,-657
09-May-2017 16:45:15,4.99194,746,-224,622,-6,6890,-654
09-May-2017 17:00:15,4.970141,755,-222,625,-4,6914,-654
09-May-2017 17:15:17,4.970141,755,-222,625,-4,6914,-654
09-May-2017 17:30:14,4.970141,755,-222,625,-4,6914,-654
09-May-2017 18:00:13,4.970141,760,-222,619,-14,6899,-638
09-May-2017 18:15:13,4.970141,760,-222,619,-14,6899,-638
09-May-2017 18:30:17,4.948533,765,-219,616,-3,6912,-646
09-May-2017 18:45:12,4.948533,765,-219,616,-3,6912,-646
09-May-2017 19:00:13,4.948533,764,-218,617,-5,6897,-629
09-May-2017 19:30:13,4.948533,767,-219,616,-8,6893,-635
09-May-2017 19:45:17,4.948533,767,-219,616,-8,6893,-635
09-May-2017 20:00:14,4.948533,770,-217,615,-10,6905,-659
09-May-2017 20:30:14,4.948533,777,-223,613,-3,6934,-660
09-May-2017 20:45:12,4.948533,777,-223,613,-3,6934,-660
09-May-2017 21:00:18,4.948533,777,-223,613,-3,6934,-660
09-May-2017 21:30:13,4.92711,780,-223,613,1,6965,-660
09-May-2017 22:00:13,4.92711,780,-218,613,1,6956,-655
09-May-2017 22:15:12,4.92711,780,-218,613,1,6956,-655
09-May-2017 22:30:09,4.92711,781,-223,614,3,6948,-658
09-May-2017 22:45:08,4.92711,781,-223,614,3,6948,-658
09-May-2017 23:00:10,4.92711,781,-226,616,2,6951,-665
09-May-2017 23:30:13,4.92711,781,-223,615,-2,6944,-624
10-May-2017 00:15:10,4.92711,782,-222,616,-6,6941,-638
10-May-2017 00:30:10,4.905872,788,-227,615,-4,6955,-666
10-May-2017 00:45:15,4.905872,788,-227,615,-4,6955,-666
10-May-2017 01:00:18,4.905872,788,-227,615,-4,6955,-666
10-May-2017 01:15:08,4.905872,788,-227,615,-4,6955,-666
10-May-2017 01:30:15,4.905872,788,-227,615,-4,6955,-666
10-May-2017 01:45:11,4.905872,788,-227,615,-4,6955,-666
10-May-2017 02:00:15,4.905872,788,-227,615,-4,6955,-666
10-May-2017 02:15:12,4.905872,788,-227,615,-4,6955,-666
10-May-2017 02:45:13,4.905872,788,-227,615,-4,6955,-666
10-May-2017 03:00:14,4.905872,788,-227,615,-4,6955,-666
10-May-2017 03:15:11,4.905872,788,-227,615,-4,6955,-666
10-May-2017 03:30:14,4.905872,788,-227,615,-4,6955,-666
10-May-2017 04:00:13,4.905872,788,-227,615,-4,6955,-666
10-May-2017 04:15:11,4.905872,788,-227,615,-4,6955,-666
10-May-2017 04:30:13,4.905872,788,-227,615,-4,6955,-666
10-May-2017 04:45:06,4.905872,788,-227,615,-4,6955,-666
10-May-2017 05:00:08,4.905872,788,-227,615,-4,6955,-666
10-May-2017 05:15:12,4.905872,788,-227,615,-4,6955,-666
10-May-2017 05:45:11,4.905872,788,-227,615,-4,6955,-666
10-May-2017 06:00:14,4.905872,788,-227,615,-4,6955,-666
10-May-2017 06:30:12,4.905872,788,-227,615,-4,6955,-666
10-May-2017 06:45:11,4.905872,788,-227,615,-4,6955,-666
10-May-2017 07:00:10,4.905872,799,-221,616,2,6881,-647
10-May-2017 07:15:16,4.905872,799,-221,616,2,6881,-647
10-May-2017 07:45:12,4.905872,797,-222,617,3,6900,-646
10-May-2017 08:00:15,4.905872,790,-223,620,3,6914,-648
10-May-2017 08:15:14,4.905872,790,-223,620,3,6914,-648
10-May-2017 08:30:13,4.92711,785,-217,622,2,6905,-645
10-May-2017 09:00:12,4.92711,774,-217,618,-5,6902,-632
10-May-2017 09:15:18,4.92711,774,-217,618,-5,6902,-632
10-May-2017 09:45:13,4.948533,769,-216,619,-2,6910,-642
10-May-2017 10:00:15,4.948533,762,-223,616,1,6897,-674
10-May-2017 10:45:16,4.948533,759,-214,616,-5,6890,-640
10-May-2017 11:45:31,4.948533,751,-215,615,-3,6869,-646
10-May-2017 12:15:13,4.970141,750,-209,617,-1,6891,-642
10-May-2017 12:45:12,4.970141,741,-212,615,-2,6854,-650
10-May-2017 13:30:13,4.970141,741,-212,615,-2,6854,-650
10-May-2017 14:00:14,4.970141,741,-212,615,-2,6854,-650
10-May-2017 14:15:12,4.970141,741,-212,615,-2,6854,-650
10-May-2017 14:30:15,4.970141,726,-199,612,5,6794,-622
10-May-2017 14:45:11,4.970141,726,-199,612,5,6794,-622
10-May-2017 15:00:22,4.970141,723,-209,611,3,6795,-668
10-May-2017 15:15:11,4.970141,723,-209,611,3,6795,-668
10-May-2017 15:30:16,4.970141,723,-209,611,3,6795,-668
10-May-2017 15:45:16,4.970141,723,-209,611,3,6795,-668
10-May-2017 16:15:08,4.905872,720,-202,612,-4,6755,-628
10-May-2017 16:30:10,4.970141,724,-203,611,-4,6744,-624
10-May-2017 16:45:09,4.970141,724,-203,611,-4,6744,-624
10-May-2017 17:00:15,4.948533,728,-202,607,-3,6724,-623
10-May-2017 17:15:13,4.948533,728,-202,607,-3,6724,-623
10-May-2017 17:30:11,4.948533,732,-210,601,1,6688,-630
10-May-2017 17:45:11,4.948533,732,-210,601,1,6688,-630
10-May-2017 18:00:10,4.92711,741,-198,602,-2,6685,-621
10-May-2017 18:15:06,4.92711,741,-198,602,-2,6685,-621
10-May-2017 18:30:07,4.92711,744,-206,600,-5,6645,-618
10-May-2017 18:45:08,4.92711,744,-206,600,-5,6645,-618
10-May-2017 19:00:09,4.905872,752,-204,600,-7,6650,-605
10-May-2017 19:30:13,4.905872,758,-204,600,3,6641,-618
10-May-2017 19:45:11,4.905872,758,-204,600,3,6641,-618
10-May-2017 20:00:08,4.905872,762,-203,599,1,6617,-613
10-May-2017 20:15:12,4.905872,762,-203,599,1,6617,-613
10-May-2017 20:30:13,4.905872,763,-218,598,7,6609,-624
10-May-2017 20:45:11,4.905872,763,-218,598,7,6609,-624
10-May-2017 21:00:11,4.905872,766,-219,597,5,6588,-628
10-May-2017 21:15:12,4.905872,766,-219,597,5,6588,-628
10-May-2017 21:30:13,4.905872,769,-206,594,-1,6577,-595
10-May-2017 21:45:12,4.905872,769,-206,594,-1,6577,-595
10-May-2017 22:00:09,4.884817,774,-219,595,6,6583,-601
10-May-2017 22:15:17,4.884817,774,-219,595,6,6583,-601
10-May-2017 22:45:12,4.884817,777,-213,596,5,6574,-601
10-May-2017 23:00:14,4.884817,781,-214,596,7,6568,-613
10-May-2017 23:15:12,4.884817,781,-214,596,7,6568,-613
10-May-2017 23:30:14,4.884817,783,-215,599,6,6558,-607
10-May-2017 23:45:07,4.884817,783,-215,599,6,6558,-607
11-May-2017 00:00:09,4.884817,783,-216,599,9,6537,-617
11-May-2017 00:15:06,4.884817,783,-216,599,9,6537,-617
11-May-2017 00:30:14,4.884817,781,-211,598,6,6506,-600
11-May-2017 00:45:08,4.884817,781,-211,598,6,6506,-600
11-May-2017 01:15:08,4.884817,784,-208,601,-1,6497,-570
11-May-2017 01:30:09,4.884817,787,-214,598,4,6478,-596
11-May-2017 01:45:05,4.884817,787,-214,598,4,6478,-596
11-May-2017 02:00:07,4.863942,791,-216,596,5,6475,-591
11-May-2017 02:15:07,4.863942,791,-216,596,5,6475,-591
11-May-2017 02:30:10,4.863942,795,-213,599,6,6503,-588
11-May-2017 02:45:06,4.863942,795,-213,599,6,6503,-588
11-May-2017 03:00:13,4.863942,795,-208,598,4,6479,-598
11-May-2017 03:15:07,4.863942,800,-215,601,6,6497,-594
11-May-2017 03:45:08,4.863942,802,-213,601,8,6489,-609
11-May-2017 04:15:12,4.863942,804,-210,602,8,6475,-599
11-May-2017 04:45:07,4.863942,804,-209,603,8,6472,-591
11-May-2017 05:15:12,4.843244,805,-209,604,8,6467,-582
11-May-2017 05:45:08,4.843244,808,-206,604,9,6472,-591
11-May-2017 06:30:08,4.843244,808,-213,600,11,6475,-579
11-May-2017 06:45:11,4.863942,811,-214,600,7,6461,-598
11-May-2017 07:15:26,4.863942,814,-220,605,10,6457,-605
11-May-2017 07:45:12,4.884817,807,-220,603,14,6469,-597
11-May-2017 08:15:15,4.884817,803,-215,607,6,6472,-583
11-May-2017 08:45:12,4.884817,795,-207,608,1,6466,-571
11-May-2017 09:30:14,4.905872,788,-217,604,7,6475,-608
11-May-2017 09:45:12,4.905872,783,-205,608,2,6481,-579
11-May-2017 10:15:13,4.905872,777,-207,607,10,6494,-588
11-May-2017 10:45:11,4.92711,768,-204,608,-3,6485,-571
11-May-2017 11:45:12,4.92711,756,-203,605,4,6486,-603
11-May-2017 13:15:11,4.92711,754,-196,599,1,6513,-605
11-May-2017 13:45:12,4.92711,753,-194,599,4,6526,-591
11-May-2017 14:45:27,4.948533,755,-196,597,2,6596,-587
11-May-2017 15:00:14,4.948533,755,-196,597,2,6596,-587
11-May-2017 15:15:14,4.948533,755,-196,597,2,6596,-587
11-May-2017 15:45:11,4.92711,760,-200,594,11,6631,-614
11-May-2017 16:30:11,4.92711,766,-201,593,5,6640,-624
11-May-2017 16:45:07,4.92711,766,-201,593,5,6640,-624
11-May-2017 17:15:14,4.905872,781,-211,587,18,6631,-605
11-May-2017 17:45:13,4.884817,787,-200,584,3,6631,-597
11-May-2017 18:00:10,4.884817,787,-200,584,3,6631,-597
11-May-2017 18:15:11,4.884817,794,-212,586,13,6654,-650
11-May-2017 19:15:11,4.863942,810,-197,585,6,6684,-584
11-May-2017 19:45:10,4.863942,826,-212,584,9,6711,-616
11-May-2017 20:15:11,4.863942,836,-216,578,13,6715,-648
11-May-2017 20:45:11,4.843244,845,-210,580,10,6726,-611
11-May-2017 21:15:11,4.843244,850,-207,581,6,6732,-587
11-May-2017 22:15:06,4.843244,869,-215,583,12,6750,-611
11-May-2017 22:45:06,4.843244,870,-215,581,13,6718,-615
11-May-2017 23:15:06,4.822722,877,-208,582,12,6711,-589
11-May-2017 23:45:06,4.822722,887,-218,581,15,6712,-602
12-May-2017 00:15:07,4.822722,893,-224,583,16,6702,-613
12-May-2017 00:45:06,4.822722,894,-223,582,15,6682,-602
12-May-2017 01:15:12,4.822722,901,-214,584,10,6668,-563
12-May-2017 01:30:07,4.822722,901,-214,584,10,6668,-563
12-May-2017 01:45:07,4.802373,904,-211,582,9,6629,-569
12-May-2017 02:00:05,4.802373,904,-211,582,9,6629,-569
12-May-2017 02:15:13,4.802373,911,-220,582,14,6618,-597
12-May-2017 02:31:21,4.802373,911,-220,582,14,6618,-597
12-May-2017 02:45:07,4.802373,916,-223,584,20,6622,-590
12-May-2017 03:00:10,4.802373,916,-223,584,20,6622,-590
12-May-2017 03:15:11,4.802373,919,-211,580,19,6606,-589
12-May-2017 03:30:11,4.802373,919,-211,580,19,6606,-589
12-May-2017 03:45:12,4.802373,929,-216,583,18,6615,-577
12-May-2017 04:00:11,4.802373,929,-216,583,18,6615,-577
12-May-2017 04:15:07,4.782195,929,-224,582,18,6604,-598
12-May-2017 04:30:08,4.782195,929,-224,582,18,6604,-598
12-May-2017 04:45:12,4.782195,939,-226,584,19,6612,-576
12-May-2017 05:00:07,4.782195,940,-226,583,22,6598,-589
12-May-2017 05:30:06,4.782195,948,-218,583,16,6596,-550
12-May-2017 06:00:06,4.782195,955,-229,583,27,6590,-608
12-May-2017 06:30:09,4.782195,957,-223,585,33,6551,-565
12-May-2017 07:00:08,4.802373,958,-216,589,27,6547,-558
12-May-2017 07:45:11,4.802373,961,-222,590,30,6552,-569
12-May-2017 08:00:10,4.802373,958,-215,590,18,6538,-569
12-May-2017 08:30:04,4.822722,959,-221,592,22,6552,-576
12-May-2017 09:00:11,4.822722,952,-222,589,22,6534,-593
12-May-2017 09:30:08,4.843244,946,-219,590,15,6532,-553
12-May-2017 10:00:05,4.843244,941,-225,589,25,6532,-568
12-May-2017 11:30:14,4.884817,915,-211,592,16,6538,-544
12-May-2017 12:00:04,4.884817,906,-208,589,14,6510,-564
12-May-2017 12:30:05,4.884817,907,-208,590,12,6525,-545
12-May-2017 13:00:09,4.884817,913,-209,589,17,6528,-558
12-May-2017 13:30:08,4.884817,906,-215,587,13,6518,-575
12-May-2017 14:00:08,4.884817,903,-215,584,13,6504,-560
12-May-2017 14:30:10,4.884817,907,-209,586,9,6513,-546
12-May-2017 15:00:17,4.863942,911,-212,582,13,6503,-582
12-May-2017 15:30:14,4.863942,920,-220,581,21,6524,-563
12-May-2017 16:00:11,4.843244,925,-219,581,18,6509,-580
12-May-2017 16:30:09,4.843244,935,-215,578,17,6501,-556
12-May-2017 17:00:04,4.822722,943,-212,579,10,6477,-539
12-May-2017 17:30:06,4.6646,954,-212,574,25,6471,-554
12-May-2017 18:00:03,4.762186,965,-214,576,22,6526,-586
12-May-2017 18:30:03,4.762186,975,-221,575,18,6551,-567
13-May-2017 00:00:05,4.683796,1052,-228,573,24,6679,-567
13-May-2017 00:30:04,4.683796,1053,-222,571,23,6669,-582
13-May-2017 01:00:04,4.6646,1063,-224,575,26,6680,-563
13-May-2017 01:30:04,4.6646,1064,-223,571,30,6666,-577
13-May-2017 02:00:05,4.6646,1073,-236,574,34,6671,-581
13-May-2017 02:30:05,4.645561,1079,-229,576,29,6674,-575
13-May-2017 03:00:04,4.645561,1082,-223,576,24,6667,-572
13-May-2017 03:30:03,4.645561,1085,-221,575,26,6653,-581
13-May-2017 04:00:04,4.645561,1095,-225,577,31,6663,-565
13-May-2017 04:30:04,4.645561,1093,-233,575,32,6647,-563
13-May-2017 05:00:04,4.626677,1100,-225,578,31,6668,-562
13-May-2017 05:30:08,4.626677,1101,-229,577,31,6660,-577
13-May-2017 06:00:04,4.626677,1106,-233,577,35,6656,-580
13-May-2017 06:30:05,4.626677,1115,-231,580,29,6668,-574
13-May-2017 07:15:04,4.626677,1116,-232,583,36,6656,-568
13-May-2017 07:30:04,4.645561,1113,-230,580,30,6640,-575
13-May-2017 08:00:08,4.6646,1112,-222,582,31,6661,-579
13-May-2017 08:30:04,4.683796,1107,-230,585,27,6663,-579
13-May-2017 09:30:07,4.70315,1085,-215,585,24,6658,-583
13-May-2017 10:00:04,4.70315,1076,-217,585,25,6673,-553
13-May-2017 10:30:06,4.70315,1068,-215,583,22,6685,-538
13-May-2017 11:00:07,4.722665,1059,-212,584,22,6695,-544
13-May-2017 11:30:07,4.742343,1051,-212,583,44,6702,-562
13-May-2017 12:30:06,4.742343,1036,-207,583,40,6693,-560
13-May-2017 13:30:11,4.742343,1038,-208,577,30,6721,-569
13-May-2017 14:30:08,4.722665,1047,-213,580,29,6756,-571
13-May-2017 15:00:09,4.70315,1050,-212,578,33,6755,-562
13-May-2017 16:30:08,4.6646,1070,-212,571,31,6782,-588
13-May-2017 21:00:08,4.552649,1156,-224,565,34,6650,-543
13-May-2017 22:00:05,4.534512,1171,-220,565,35,6638,-536
14-May-2017 01:30:03,4.516518,1216,-220,569,38,6589,-542
14-May-2017 02:00:03,4.516518,1220,-231,570,38,6590,-539
14-May-2017 02:30:03,4.498666,1220,-234,569,37,6572,-550
14-May-2017 03:30:03,4.498666,1234,-234,568,38,6573,-555
14-May-2017 07:30:04,4.552649,1262,-233,578,46,6600,-547
14-May-2017 09:30:03,4.607945,1222,-227,580,37,6635,-551
14-May-2017 10:30:02,4.626677,1190,-228,581,41,6663,-549
14-May-2017 18:45:07,4.480954,1233,-218,559,35,6503,-519
14-May-2017 22:15:08,4.428648,1304,-235,560,44,6377,-508
15-May-2017 00:45:07,4.411482,1343,-234,561,45,6279,-496
15-May-2017 01:45:07,4.411482,1354,-232,562,47,6249,-493
15-May-2017 03:15:02,4.394449,1366,-239,560,43,6181,-498
15-May-2017 04:45:03,4.377548,1389,-230,566,48,6167,-491
15-May-2017 05:15:03,4.377548,1394,-239,565,65,6141,-478
15-May-2017 05:45:07,4.377548,1395,-234,565,53,6116,-498
15-May-2017 06:15:02,4.377548,1407,-242,567,51,6123,-483
15-May-2017 06:45:07,4.394449,1402,-240,567,50,6082,-474
15-May-2017 08:30:09,4.411482,1405,-238,573,48,6049,-480
15-May-2017 08:45:08,4.445947,1392,-238,571,47,6021,-481
15-May-2017 09:15:07,4.463382,1386,-230,574,41,6021,-486
15-May-2017 11:00:07,4.516518,1343,-225,574,39,5988,-458
15-May-2017 11:45:08,4.516518,1328,-226,577,42,5970,-477
15-May-2017 13:15:24,4.498666,1319,-220,574,38,5908,-452
15-May-2017 16:15:07,4.445947,1324,-234,566,47,5822,-468
15-May-2017 16:45:23,4.428648,1331,-232,560,43,5796,-468
15-May-2017 19:45:03,4.294952,1417,-241,556,54,5815,-490
15-May-2017 21:15:02,4.231087,1452,-230,557,49,5866,-440
23-May-2017 13:30:38,5.719409,1027,-217,576,2,7185,-529
23-May-2017 14:15:37,5.719409,1021,-212,573,0,7166,-506
23-May-2017 14:30:43,5.719409,1018,-215,570,2,7149,-515
23-May-2017 17:00:35,5.690812,1027,-220,563,7,7219,-545
23-May-2017 17:45:36,5.690812,1035,-213,564,4,7215,-527
23-May-2017 18:00:35,5.690812,1053,-221,562,4,7205,-520
23-May-2017 18:30:35,5.690812,1058,-211,560,-8,7193,-477
23-May-2017 18:45:36,5.690812,1058,-211,560,-8,7193,-477
23-May-2017 19:45:36,5.662499,1087,-219,559,4,7214,-531
23-May-2017 20:15:35,5.662499,1095,-212,556,2,7194,-516
23-May-2017 20:45:36,5.662499,1102,-220,556,1,7189,-526
23-May-2017 21:00:35,5.662499,1114,-221,557,8,7207,-531
23-May-2017 22:00:41,5.662499,1125,-228,555,4,7239,-542
23-May-2017 22:30:36,5.662499,1136,-227,556,5,7251,-516
23-May-2017 23:45:35,5.634467,1146,-228,556,5,7269,-550
24-May-2017 00:00:35,5.634467,1155,-218,560,2,7278,-531
24-May-2017 00:30:35,5.634467,1162,-227,561,4,7316,-528
24-May-2017 01:15:36,5.634467,1165,-218,559,8,7302,-547
24-May-2017 01:30:35,5.634467,1168,-228,559,5,7308,-544
24-May-2017 02:00:35,5.634467,1175,-223,561,-1,7312,-533
24-May-2017 02:30:35,5.634467,1185,-224,562,2,7338,-533
24-May-2017 02:45:35,5.634467,1185,-224,562,2,7338,-533
24-May-2017 03:15:35,5.634467,1184,-235,560,6,7327,-542
24-May-2017 03:30:35,5.606711,1187,-221,561,0,7316,-514
24-May-2017 04:00:36,5.606711,1191,-229,560,6,7329,-537
24-May-2017 05:15:36,5.606711,1208,-229,563,5,7339,-526
24-May-2017 05:30:35,5.606711,1208,-229,563,5,7339,-526
24-May-2017 07:00:35,5.606711,1222,-225,569,4,7359,-496
24-May-2017 07:15:41,5.606711,1219,-225,570,7,7361,-520
24-May-2017 09:30:35,5.579227,1186,-229,574,9,7439,-538
24-May-2017 10:15:39,5.606711,1160,-227,575,9,7467,-540
24-May-2017 13:15:37,5.606711,1112,-210,572,10,7513,-513
24-May-2017 13:30:40,5.606711,1112,-210,572,10,7513,-513
24-May-2017 14:15:38,5.606711,1099,-226,568,18,7511,-557
24-May-2017 14:45:39,5.606711,1093,-226,567,16,7514,-568
24-May-2017 20:00:35,5.579227,1175,-226,555,7,7472,-527
24-May-2017 20:30:45,5.579227,1181,-227,553,7,7450,-522
24-May-2017 20:47:43,5.579227,1195,-226,556,7,7467,-510
24-May-2017 21:00:35,5.579227,1195,-226,556,7,7467,-510
24-May-2017 21:15:41,5.579227,1206,-232,557,8,7479,-529
24-May-2017 21:30:36,5.579227,1206,-232,557,8,7479,-529
24-May-2017 21:45:40,5.552011,1216,-231,556,9,7484,-525
25-May-2017 06:00:39,5.52506,1321,-248,564,12,7497,-523
25-May-2017 10:45:43,5.52506,1247,-226,574,17,7622,-539
25-May-2017 11:45:39,5.52506,1228,-231,573,13,7624,-541
25-May-2017 13:15:35,5.498369,1212,-231,572,19,7672,-550
25-May-2017 13:45:35,5.52506,1212,-222,571,17,7696,-531
25-May-2017 14:00:34,5.52506,1206,-219,570,11,7682,-500
25-May-2017 14:45:40,5.52506,1201,-225,568,11,7712,-520
25-May-2017 15:00:36,5.52506,1193,-217,567,14,7705,-513
25-May-2017 15:15:36,5.52506,1193,-217,567,14,7705,-513
25-May-2017 15:45:35,5.52506,1189,-220,565,10,7708,-515
25-May-2017 16:15:34,5.52506,1191,-222,564,11,7730,-540
25-May-2017 17:00:35,5.52506,1202,-214,558,9,7712,-536
25-May-2017 17:30:34,5.52506,1217,-232,559,18,7724,-578
25-May-2017 17:45:34,5.52506,1217,-232,559,18,7724,-578
25-May-2017 18:30:36,5.498369,1241,-230,553,9,7728,-556
25-May-2017 18:45:34,5.498369,1241,-230,553,9,7728,-556
25-May-2017 20:00:35,5.498369,1271,-235,555,12,7796,-566
25-May-2017 20:15:35,5.498369,1284,-235,553,10,7799,-553
25-May-2017 21:15:34,5.498369,1298,-240,554,19,7841,-565
25-May-2017 21:45:34,5.498369,1306,-235,555,17,7871,-551
25-May-2017 22:15:35,5.498369,1316,-238,554,11,7878,-545
25-May-2017 22:30:36,5.498369,1316,-238,554,11,7878,-545
26-May-2017 05:30:34,5.471934,1334,-229,557,11,7903,-503
26-May-2017 06:15:34,5.471934,1334,-229,557,11,7903,-503
26-May-2017 07:15:34,5.445753,1402,-251,564,17,8061,-576
26-May-2017 08:30:36,5.445753,1393,-231,568,17,8120,-533
26-May-2017 09:15:34,5.471934,1383,-231,569,11,8115,-559
26-May-2017 10:15:34,5.419821,1377,-245,574,29,8217,-544
26-May-2017 10:30:35,5.445753,1364,-247,573,25,8222,-567
26-May-2017 10:45:34,5.445753,1364,-247,573,25,8222,-567
26-May-2017 11:15:40,5.419821,1353,-232,573,17,8212,-554
26-May-2017 11:45:34,5.419821,1350,-241,571,22,8225,-566
26-May-2017 12:00:34,5.445753,1343,-233,569,18,8236,-575
26-May-2017 12:30:34,5.445753,1342,-235,570,21,8250,-567
26-May-2017 13:15:34,5.445753,1349,-240,575,21,8293,-563
26-May-2017 14:00:33,5.419821,1343,-235,571,22,8294,-548
26-May-2017 14:30:34,5.471934,1333,-238,573,20,8303,-560
26-May-2017 15:15:34,5.471934,1317,-237,569,22,8282,-584
26-May-2017 15:30:34,5.471934,1319,-226,568,19,8303,-546
26-May-2017 16:00:34,5.471934,1313,-234,567,14,8289,-556
26-May-2017 18:15:35,5.471934,1354,-241,567,17,8294,-545
26-May-2017 18:30:33,5.445753,1368,-238,563,19,8277,-565
27-May-2017 07:45:34,5.419821,1488,-248,579,23,8283,-552
27-May-2017 08:30:33,5.419821,1474,-255,582,26,8297,-570
27-May-2017 08:45:34,5.419821,1463,-235,580,14,8281,-534
27-May-2017 09:00:33,5.419821,1463,-235,580,14,8281,-534
27-May-2017 09:30:39,5.419821,1455,-239,581,18,8304,-513
27-May-2017 09:45:33,5.419821,1440,-236,582,19,8304,-514
27-May-2017 10:00:35,5.419821,1440,-236,582,19,8304,-514
27-May-2017 10:30:34,5.394135,1422,-245,583,25,8348,-551
27-May-2017 11:00:33,5.445753,1397,-237,583,24,8342,-563
27-May-2017 12:15:33,5.36869,1370,-233,584,26,8355,-571
27-May-2017 12:45:33,5.445753,1373,-234,583,23,8347,-571
27-May-2017 13:00:38,5.445753,1373,-234,583,23,8347,-571
27-May-2017 13:45:34,5.419821,1370,-233,580,14,8331,-565
27-May-2017 15:15:33,5.445753,1358,-238,578,24,8342,-573
27-May-2017 16:15:31,5.445753,1345,-229,574,17,8317,-541
27-May-2017 16:45:32,5.445753,1345,-239,570,27,8302,-597
27-May-2017 17:45:31,5.419821,1371,-235,570,21,8283,-538
27-May-2017 18:00:31,5.419821,1371,-235,570,21,8283,-538
27-May-2017 19:00:32,5.419821,1400,-236,569,24,8266,-554
27-May-2017 19:15:32,5.419821,1410,-238,569,22,8255,-548
27-May-2017 19:30:32,5.419821,1418,-237,569,23,8228,-543
27-May-2017 20:00:31,5.419821,1430,-246,567,18,8226,-548
27-May-2017 21:00:31,5.419821,1445,-239,568,16,8199,-518
27-May-2017 22:30:32,5.419821,1467,-245,570,20,8191,-541
27-May-2017 23:30:32,5.419821,1479,-244,572,19,8186,-552
28-May-2017 04:15:31,5.394135,1517,-254,575,27,8129,-545
28-May-2017 04:30:31,5.394135,1525,-249,579,28,8163,-537
28-May-2017 05:00:32,5.394135,1526,-254,577,26,8132,-540
28-May-2017 05:45:31,5.394135,1530,-249,577,27,8138,-536
28-May-2017 06:00:31,5.394135,1536,-243,580,21,8153,-506
28-May-2017 06:15:31,5.394135,1536,-243,580,21,8153,-506
28-May-2017 06:30:31,5.394135,1541,-246,579,30,8145,-531
28-May-2017 06:45:31,5.394135,1541,-246,579,30,8145,-531
28-May-2017 08:00:31,5.394135,1544,-254,583,21,8155,-554
28-May-2017 08:15:31,5.394135,1544,-254,583,21,8155,-554
28-May-2017 10:45:31,5.394135,1501,-247,589,26,8240,-558
28-May-2017 11:15:32,5.394135,1495,-238,590,22,8264,-557
28-May-2017 11:45:31,5.394135,1485,-238,591,26,8282,-567
28-May-2017 12:15:31,5.394135,1481,-244,590,27,8288,-571
28-May-2017 12:45:31,5.394135,1469,-249,590,31,8290,-583
28-May-2017 13:15:31,5.394135,1469,-248,590,23,8323,-559
28-May-2017 14:45:31,5.394135,1463,-239,590,27,8370,-567
28-May-2017 15:15:31,5.394135,1462,-245,590,28,8376,-571
28-May-2017 22:45:32,5.36869,1555,-241,584,24,8429,-533
28-May-2017 23:15:31,5.36869,1562,-250,584,24,8427,-571
28-May-2017 23:45:31,5.36869,1571,-241,587,18,8429,-534
29-May-2017 00:00:31,5.36869,1571,-241,587,18,8429,-534
29-May-2017 07:00:36,5.343485,1144,-160,730,9,7301,-642
29-May-2017 08:15:33,5.343485,1057,-146,709,8,7116,-599
29-May-2017 08:30:36,5.343485,1023,-145,700,10,7013,-609
29-May-2017 11:45:41,5.343485,874,-180,670,12,6784,-621
29-May-2017 12:00:31,5.343485,1021,-202,797,-14,6776,-599
29-May-2017 12:15:30,5.343485,1021,-202,797,-14,6776,-599
29-May-2017 12:30:30,5.343485,1184,-210,830,-18,6779,-604
29-May-2017 13:00:39,5.343485,1253,-226,793,-11,6808,-614
29-May-2017 13:15:38,5.343485,1253,-226,793,-11,6808,-614
29-May-2017 14:30:31,5.343485,1101,-217,734,1,6839,-640
29-May-2017 15:00:32,5.318516,1041,-206,723,-2,6854,-616
29-May-2017 15:30:36,5.343485,1001,-213,710,4,6855,-648
29-May-2017 19:15:31,5.343485,880,-194,662,11,8102,-725
29-May-2017 19:45:30,5.343485,869,-195,659,9,8212,-745
29-May-2017 20:00:30,5.318516,863,-198,657,12,8326,-755
29-May-2017 20:15:30,5.318516,863,-198,657,12,8326,-755
29-May-2017 20:45:31,5.318516,858,-192,654,12,8418,-753
29-May-2017 21:15:30,5.318516,850,-194,649,8,8469,-755
29-May-2017 21:30:31,5.318516,849,-190,649,12,8552,-747
29-May-2017 21:45:31,5.318516,849,-190,649,12,8552,-747
29-May-2017 22:00:30,5.318516,843,-194,643,9,8559,-752
29-May-2017 22:30:33,5.318516,840,-189,642,5,8559,-752
